Pressure,Beta,massratio,comp1,comp2,wtot
409999.99999999994,8.047167090987301,4.238839577535196,0.31809812227524303,18.322001965617503,18.640100087892744
411162.32464929856,8.05581040725028,4.237443423163908,0.35483212758499144,18.265268447895167,18.62010057548016
412324.6492985971,8.064429669165033,4.236051474735422,0.3915169270583939,18.208682486117286,18.60019941317568
413486.97394789575,8.073024919895403,4.234663708484956,0.4281526973624128,18.152243311367293,18.580396008729707
414649.2985971943,8.081596202433241,4.233280100849537,0.4647396141228727,18.09595016085467,18.560689774977543
415811.62324649293,8.090143559601342,4.231900628465748,0.5012778519325578,18.03980227784842,18.541080129780976
416973.9478957915,8.098667034056032,4.2305252681674625,0.5377675843598805,17.983798911611487,18.521566495971367
418136.2725450901,8.107166668288887,4.229153996983632,0.5742089839570047,17.927939317338407,18.50214830129541
419298.59719438874,8.115642504629601,4.227786792136118,0.6106022222682227,17.87222275609078,18.482824978359
420460.9218436873,8.124094585247922,4.226423631037547,0.6469474698379467,17.816648494735926,18.463595964573873
421623.2464929859,8.132522952155773,4.2250644912891895,0.6832448962191785,17.761215805885318,18.444460702104497
422785.5711422845,8.140927647209754,4.223709350678812,0.7194946699809955,17.705923967833755,18.42541863781475
423947.8957915831,8.149308712113095,4.222358187178759,0.7556969587169322,17.650772264499594,18.406469223216526
425110.2204408817,8.157666188417764,4.221010978943773,0.7918519290523464,17.595759985366225,18.38761191441857
426272.5450901803,8.16600011752655,4.219667704309044,0.8279597466526968,17.540886425423334,18.36884617207603
427434.8697394789,8.174310540695277,4.218328341788253,0.8640205762307215,17.48615088510962,18.35017146134034
428597.1943887775,8.182597499034522,4.216992870071598,0.9000345815543191,17.431552670256462,18.33158725181078
429759.5190380761,8.190861033512048,4.215661268023858,0.9360019254540197,17.377091092031048,18.313093017485066
430921.84368737467,8.199101184954117,4.214333514682536,0.9719227698304449,17.32276546688259,18.294688236713036
432084.1683366733,8.207317994048458,4.213009589255947,1.0077972756614262,17.268575116485756,18.27637239214718
433246.4929859719,8.215511501344634,4.211689471121387,1.0436256030098416,17.214519367689725,18.25814497069957
434408.8176352705,8.223681747257642,4.21037313982332,1.07940791103007,17.16059755246207,18.240005463492142
435571.1422845691,8.231828772068514,4.209060575071566,1.115144357976056,17.10680900783814,18.221953365814198
436733.46693386766,8.239952615926578,4.207751756739529,1.1508351012074625,17.05315307586928,18.20398817707674
437895.7915831663,8.248053318851287,4.206446664862458,1.186480297197308,16.999629103571046,18.186109400768352
439058.11623246485,8.256130920733893,4.2051452796356985,1.2220801015388274,16.94623644287304,18.16831654441187
440220.44088176347,8.264185461339293,4.203847581413025,1.2576346689517786,16.892974450569483,18.15060911952126
441382.7655310621,8.27221698030742,4.202553550704908,1.2931441532901624,16.83984248826981,18.13298664155997
442545.09018036065,8.28022551715546,4.2012631681769195,1.3286087075482114,16.78683992234975,18.115448629897962
443707.4148296593,8.288211111279148,4.19997641464805,1.3640284838673313,16.733966123903944,18.097994607771277
444869.73947895784,8.296173801954327,4.198693271089082,1.3994036335425224,16.68122046869899,18.08062410224151
446032.06412825646,8.304113628339023,4.197413718621064,1.4347343070294714,16.62860233712514,18.063336644154614
447194.3887775551,8.31203062947428,4.196137738513625,1.4700206539501184,16.576111114152763,18.04613176810288
448356.71342685365,8.319924844286465,4.194865312183564,1.5052628230999214,16.523746189284292,18.029009012384215
449519.03807615227,8.32779631158872,4.193596421193198,1.5404609624534762,16.471506956510193,18.01196791896367
450681.36272545083,8.335645070081775,4.192331047248908,1.5756152191715873,16.419392814265283,17.99500803343687
451843.68737474945,8.343471158356147,4.191069172199615,1.6107257396067178,16.367403165384115,17.978128904990832
453006.012024048,8.351274614893624,4.189810778035333,1.6457926693095128,16.315537417057268,17.96133008636678
454168.33667334664,8.35905547806833,4.188555846885697,1.680816153034961,16.263794980789346,17.944611133824306
455330.66132264526,8.366813786148166,4.187304361018573,1.71579633474834,16.21217527235678,17.92797160710512
456492.9859719438,8.37454957729669,4.18605630283852,1.7507333576311053,16.16067771176519,17.911411069396294
457655.31062124245,8.382262889573859,4.184811654885534,1.7856273640868632,16.109301723209487,17.89492908729635
458817.635270541,8.38995376093809,4.183570399833584,1.8204784957474272,16.05804673503148,17.878525230778905
459979.95991983963,8.397622229246767,4.182332520489263,1.8552868934783702,16.0069121796817,17.86219907316007
461142.2845691382,8.405268332258464,4.181097999790453,1.8900526973849303,15.95589749367763,17.84595019106256
462304.6092184368,8.41289210763366,4.179866820804941,1.924776046817657,15.905002117565736,17.82977816438339
463466.93386773544,8.420493592936044,4.178638966729255,1.959457080378051,15.854225495882687,17.81368257626074
464629.258517034,8.428072825634315,4.177414420887144,1.9940959359241057,15.80356707711597,17.797663013040076
465791.5831663326,8.43562984310248,4.176193166728475,2.0286927505760244,15.753026313667855,17.78171906424388
466953.9078156312,8.443164682622228,4.174975187827924,2.06324766072148,15.70260266181586,17.76585032253734
468116.2324649298,8.450677381382953,4.173760467883691,2.0977608020213014,15.652295581678027,17.750056383699327
469278.5571142284,8.458167976484118,4.172548990716276,2.1322323094144395,15.602104537174393,17.734336846588832
470440.881763527,8.465636504935432,4.171340740267302,2.1666623171238077,15.55202899599253,17.718691313116338
471603.2064128256,8.473083003658566,4.170135700598271,2.201050958661444,15.502068429550848,17.703119388212293
472765.5310621242,8.480507509488264,4.1689338558893905,2.2353983668331447,15.452222312964048,17.68762067979719
473927.8557114228,8.487910059173128,4.167735190438428,2.2697046737446307,15.402490125008061,17.67219479875269
475090.18036072137,8.495290689377079,4.1665396886594745,2.3039700108058367,15.352871348085772,17.656841358891608
476252.50501002,8.502649436680231,4.1653473350818775,2.3381945087364557,15.303365468193029,17.641559976929486
477414.82965931855,8.5099863375803,4.1641581143491395,2.3723782975708203,15.253971974884553,17.626350272455372
478577.1543086172,8.517301428492834,4.1629720112175965,2.4065215066630534,15.204690361242275,17.61121186790533
479739.4789579158,8.524594745753499,4.161789010555634,2.440624264691749,15.155520123840274,17.596144388532025
480901.80360721436,8.531866325617859,4.160609097342321,2.474686699664996,15.106460762714793,17.58114746237979
482064.128256513,8.539116204263411,4.159432256666489,2.508708938925374,15.057511781329955,17.56622072025533
483226.4529058116,8.546344417789527,4.158258473725595,2.5426911091544926,15.008672686548561,17.551363795703054
484388.77755511017,8.553551002219521,4.157087733824683,2.5766333363780727,14.95994298859821,17.53657632497628
485551.10220440873,8.560735993500911,4.155920022375436,2.6105357459702945,14.911322201042218,17.521857947012514
486713.42685370735,8.567899427506521,4.154755324894973,2.6443984626588803,14.862809840748323,17.507208303407204
487875.751503006,8.575041340035591,4.153593627004995,2.678221610529249,14.814405427858583,17.49262703838783
489038.07615230454,8.58216176681426,4.152434914430719,2.712005313029715,14.766108485759785,17.4781137987895
490200.40080160316,8.589260743497155,4.151279172999906,2.7457496929754153,14.717918541053171,17.463668234028585
491362.7254509018,8.596338305667496,4.150126388641843,2.7794548725532167,14.66983512352642,17.449289996079635
492525.05010020034,8.603394488838576,4.1489765473864235,2.8131209733262628,14.621857766123519,17.434978739449782
493687.3747494989,8.610429328454325,4.147829635363215,2.846748116237787,14.573986004917447,17.420734121155235
494849.69939879753,8.617442859890527,4.146685638800415,2.8803364216163514,14.52621937908037,17.406555800696722
496012.02404809615,8.624435118454869,4.145544544024023,2.913886009179571,14.478557430857997,17.392443440037567
497174.3486973947,8.631406139388837,4.144406337456882,2.9473969980386645,14.430999705539582,17.378396703578247
498336.67334669334,8.638355957867352,4.143271005617753,2.980869506702615,14.383545751433166,17.364415258135782
499498.99799599196,8.645284609000498,4.142138535120431,3.0143036530825364,14.336195119836619,17.350498772919156
500661.3226452905,8.652192127834173,4.141008912672871,3.047699554495724,14.288947365011385,17.33664691950711
501823.64729458914,8.659078549350435,4.139882125076271,3.08105732767009,14.241802044156756,17.322859371826848
502985.9719438877,8.665943908468392,4.138758159224251,3.1143770887477746,14.194758717384026,17.3091358061318
504148.29659318633,8.67278824004539,4.137637002101948,3.147658953289889,14.147816947689213,17.295475900979103
505310.6212424849,8.679611578877122,4.136518640785187,3.180903036279688,14.10097630092971,17.2818793372094
506472.9458917835,8.686413959698921,4.135403062439676,3.21410945212765,14.0542363457969,17.26834579792455
507635.27054108214,8.693195417185782,4.134290254320129,3.247278314674595,14.007596653793442,17.254874968468037
508797.5951903807,8.699955985954135,4.1331802037694505,3.2804097371958774,13.961056799206295,17.24146653640217
509959.9198396793,8.706695700561324,4.132072898217962,3.313503832405534,13.914616359084496,17.22812019149003
511122.2444889779,8.713414595507091,4.130968325182558,3.3465607124598598,13.868274913213767,17.214835625673626
512284.5691382765,8.720112705234039,4.12986647226596,3.379580488961298,13.822032044093014,17.201612533054313
513446.89378757507,8.726790064128261,4.1287673271558685,3.4125632729623026,13.775887336910804,17.188450609873108
514609.2184368737,8.733446706519956,4.127670877624299,3.445509174969237,13.729840379521944,17.17534955449118
515771.5430861723,8.740082666684213,4.126577111526678,3.4784183049456603,13.683890762424587,17.16230906737025
516933.8677354709,8.746697978841201,4.125486016801203,3.5112907723167135,13.638038078737615,17.149328851054328
518096.1923847695,8.753292677157576,4.124397581468033,3.544126685972033,13.592281924177279,17.13640861014931
519258.51703406806,8.759866795746396,4.123311793628558,3.5769261542699624,13.546621897035655,17.12354805130562
520420.8416833667,8.766420368668038,4.12222864146466,3.6096892850409765,13.501057598158154,17.11074688319913
521583.16633266525,8.77295342993071,4.121148113238098,3.6424161855913186,13.455588630921735,17.098004816513054
522745.49098196387,8.779466013490834,4.12007019728958,3.6751069627061232,13.410214601214138,17.08532156392026
523907.8156312625,8.785958153254134,4.118994882038245,3.7077617226537045,13.364935117410706,17.07269684006441
525070.140280561,8.792429883075647,4.117922155980896,3.7403805711883997,13.319749790354962,17.06013036154336
526232.4649298596,8.798881236760616,4.116852007691309,3.7729636135543,13.274658233336748,17.047621846891047
527394.7895791583,8.805312248065048,4.115784425819489,3.8055109544883594,13.22966006207181,17.03517101656017
528557.1142284569,8.811722950695769,4.114719399091163,3.8380226982245453,13.184754894681516,17.02277759290606
529719.4388777554,8.818113378311773,4.1136569163069305,3.8704989484963326,13.13994235167183,17.010441300168164
530881.7635270541,8.82448356452374,4.112596966341708,3.9029398085404203,13.09522205591488,16.998161864455298
532044.0881763527,8.8308335428955,4.111539538144014,3.935345381100252,13.050593632627008,16.98593901372726
533206.4128256512,8.837163346944019,4.11048462073539,3.9677157684287807,13.006056709350702,16.973772477779484
534368.7374749498,8.843473010140059,4.109432203209712,4.000051072292379,12.961610915934163,16.961661988226542
535531.0621242485,8.849762565908202,4.108382274732562,4.032351393973317,12.917255884513745,16.94960727848706
536693.386773547,8.85603204762807,4.107334824540583,4.064616834273741,12.872991249492713,16.937608083766456
537855.7114228456,8.862281488634409,4.106289841940963,4.096847493518156,12.828816647523874,16.92566414104203
539018.0360721443,8.868510922217554,4.105247316310676,4.129043471556889,12.784731717490606,16.913775189047495
540180.3607214428,8.874720381623662,4.104207237095994,4.161204867769282,12.740736100488803,16.901940968258085
541342.6853707414,8.880909900055768,4.10316959381181,4.193331781066781,12.696829439807454,16.890161220874234
542505.01002004,8.88707951067354,4.102134376041102,4.225424309895664,12.653011380912249,16.878435690807912
543667.3346693387,8.893229246594322,4.10110157343431,4.257482552240497,12.609281571426141,16.866764123666638
544829.6593186372,8.899359140892914,4.100071175708785,4.289506605626931,12.565639661113106,16.855146266740036
545991.9839679358,8.905469226602479,4.099043172648168,4.321496567124689,12.522085301859706,16.843581868984394
547154.3086172345,8.911559536714911,4.098017554101879,4.3534525333506355,12.47861814765778,16.832070681008418
548316.633266533,8.917630104180947,4.0969943099845505,4.385374600471683,12.435237854587864,16.820612455059546
549478.9579158316,8.923680961910847,4.095973430275408,4.417262864207634,12.39194408080177,16.809206945009404
550641.2825651302,8.92971214277458,4.094954905017787,4.449117419834033,12.348736486506226,16.797853906340258
551803.6072144288,8.93572367960236,4.093938724318573,4.480938362185394,12.305614733945598,16.78655309613099
552965.9318637274,8.941715605184955,4.092924878347665,4.512725785657383,12.262578487386238,16.77530427304362
554128.256513026,8.947687952273817,4.091913357337386,4.544479784210605,12.219627413099678,16.76410719731028
555290.5811623246,8.953640753582336,4.090904151582092,4.576200451372023,12.176761179346213,16.752961630718236
556452.9058116232,8.95957404178478,4.08989725143749,4.607887880239288,12.133979456360061,16.74186733659935
557615.2304609218,8.96548784951766,4.088892647320234,4.639542163482384,12.091281916332743,16.73082407981513
558777.5551102203,8.97138220938008,4.087890329707379,4.671163393346736,12.048668233397095,16.71983162674383
559939.879759519,8.977257153933442,4.086890289135857,4.702751661655884,12.006138083612974,16.70888974526886
561102.2044088176,8.983112715702347,4.08589251620201,4.734307059814309,11.963691144950753,16.697998204765064
562264.5290581161,8.988948927174595,4.0848970015611075,4.765829678809785,11.921327097277045,16.68715677608683
563426.8537074148,8.994765820801684,4.083903735926772,4.7973196092163155,11.879045622339078,16.676365231555394
564589.1783567134,9.000563428998985,4.082912710070598,4.828776941196648,11.83684640375016,16.66562334494681
565751.503006012,9.006341784146414,4.081923914821621,4.860201764504704,11.794729126974497,16.6549308914792
566913.8276553105,9.01210091858801,4.080937341065843,4.8915941684884325,11.752693479313626,16.64428764780206
568076.1523046092,9.017840864632815,4.079952979745809,4.922954242092401,11.71073914989092,16.63369339198332
569238.4769539078,9.023561654555214,4.078970821860032,4.954282073859884,11.668865829637623,16.623147903497507
570400.8016032064,9.02926332059455,4.077990858462661,4.985577751935944,11.627073211279397,16.61265096321534
571563.126252505,9.03494589495645,4.077013080662965,5.0168413640693625,11.585360989320932,16.602202353390297
572725.4509018036,9.040609409811887,4.076037479624896,5.048072997615731,11.543728860033724,16.591801857649454
573887.7755511021,9.046253897298657,4.0750640465665855,5.0792727395393875,11.502176521440587,16.581449260979973
575050.1002004007,9.051879389520705,4.074092772760028,5.110440676416057,11.460703673303618,16.571144349719674
576212.4248496994,9.057485918548881,4.073123649530499,5.14157689443547,11.419310017109606,16.560886911545076
577374.7494989979,9.06307351642098,4.072156668256262,5.17268147940315,11.377995256057693,16.550676735460844
578537.0741482966,9.068642215141905,4.071191820368003,5.203754516743638,11.336759095045473,16.54051361178911
579699.3987975952,9.074192046684422,4.070229097348527,5.234796091502199,11.295601240655635,16.530397332157833
580861.7234468937,9.079723042988755,4.069268490732241,5.265806288347438,11.254521401143936,16.520327689491374
582024.0480961923,9.085235235963381,4.068309992104842,5.296785191573422,11.213519286425521,16.510304477998943
583186.3727454909,9.090728657484632,4.0673535931028,5.327732885102222,11.172594608063152,16.500327493165372
584348.6973947895,9.0962033393976,4.066399285413018,5.358649452486131,11.131747079253428,16.49039653173956
585511.0220440881,9.101659313515702,4.065447060772417,5.389534976910003,11.090976414815493,16.480511391725496
586673.3466933868,9.10709661162163,4.064496910967512,5.420389541193131,11.050282331177689,16.470671872370822
587835.6713426854,9.112515265466593,4.063548827834067,5.451213227791988,11.009664546366611,16.4608777741586
588997.9959919839,9.117915306771708,4.062602803256628,5.482006118802072,10.96912277999322,16.451128898795293
590160.3206412825,9.123296767227409,4.061658829168215,5.512768295960335,10.928656753242064,16.4414250492024
591322.645290581,9.128659678493223,4.060716897549894,5.543499840647193,10.88826618886033,16.43176602950752
592484.9699398797,9.134004072199552,4.059777000430403,5.574200833888779,10.847950811143129,16.422151645031906
593647.2945891783,9.139329979945991,4.058839129885795,5.6048713563592125,10.807710345925098,16.41258170228431
594809.619238477,9.144637433303036,4.0579032780390625,5.63551148838233,10.767544520566526,16.403056008948855
595971.9438877755,9.149926463811077,4.056969437059696,5.666121309934283,10.72745306394356,16.393574373877843
597134.2685370741,9.15519710298174,4.05603759916345,5.696700900645313,10.687435706435135,16.38413660708045
598296.5931863727,9.16044938229683,4.055107756611874,5.727250339801977,10.647492179913796,16.374742519715774
599458.9178356712,9.16568333320947,4.054179901712014,5.757769706349261,10.60762221773282,16.365391924082083
600621.2424849699,9.170898987143856,4.053254026816038,5.788259078892387,10.56782555471618,16.356084633608567
601783.5671342685,9.176096375495588,4.0523301243208705,5.818718535698954,10.528101927147231,16.346820462846186
602945.8917835671,9.181275529631202,4.051408186667866,5.849148154701294,10.488451072758691,16.337599227459986
604108.2164328657,9.18643648088963,4.050488206342476,5.879548013497928,10.448872730720154,16.328420744218082
605270.5410821643,9.191579260580975,4.049570175873872,5.909918189355847,10.409366641629651,16.3192848309855
606432.8657314628,9.196703899987483,4.048654087834626,5.940258759212583,10.369932547501572,16.310191306714152
607595.1903807615,9.20181043036331,4.047739934840383,5.970569799677858,10.330570191757246,16.301139991435104
608757.5150300601,9.20689888293513,4.0468277095495315,6.000851387035923,10.291279319213396,16.29213070624932
609919.8396793586,9.211969288901493,4.045917404662877,6.031103597246958,10.25205967607385,16.28316327332081
611082.1643286573,9.217021679434001,4.045009012923242,6.061326505949472,10.212911009917063,16.274237515866535
612244.4889779559,9.222056085676112,4.044102527115317,6.09152018846219,10.173833069688463,16.265353258150654
613406.8136272545,9.22707253874465,4.043197940065177,6.121684719785422,10.13482560568858,16.256510325474
614569.138276553,9.232071069729216,4.042295244640008,6.151820174603536,10.09588836956386,16.247708544167395
615731.4629258517,9.237051709691903,4.041394433747865,6.181926627286471,10.057021114297967,16.23894774158444
616893.7875751503,9.242014489668541,4.040495500337249,6.212004151891484,10.01822359420023,16.230227746091714
618056.1122244488,9.246959440667723,4.039598437396919,6.24205282216567,9.97949556489728,16.22154838706295
619218.4368737475,9.251886593671713,4.038703237955499,6.272072711546712,9.940836783323224,16.212909494869937
620380.7615230461,9.25679597963575,4.037809895081208,6.302063893165517,9.902247007710837,16.204310900876354
621543.0861723446,9.261687629489119,4.036918401881568,6.332026439847741,9.863725997580781,16.195752437428524
622705.4108216432,9.266561574134457,4.0360287515031,6.361960424115471,9.825273513733883,16.187233937849353
623867.7354709419,9.271417844448415,4.035140937131047,6.391865918188994,9.786889318240968,16.178755236429964
625030.0601202404,9.27625647128104,4.034254951989056,6.42174299398885,9.748573174434767,16.170316168423618
626192.384769539,9.28107748545668,4.033370789338916,6.451591723137094,9.71032484689994,16.161916570037036
627354.7094188377,9.285880917773715,4.032488442480263,6.481412176959334,9.672144101464536,16.15355627842387
628517.0340681362,9.290666799004628,4.031607904750295,6.5112044264863504,9.634030705191229,16.14523513167758
629679.3587174348,9.295435159896035,4.030729169523495,6.540968542455976,9.595984426368528,16.136952968824502
630841.6833667334,9.300186031168877,4.029852230211396,6.570704595314277,9.558005034502399,16.128709629816676
632004.008016032,9.304919443518559,4.0289770802622,6.600412655217915,9.520092300306885,16.1205049555248
633166.3326653306,9.309635427614944,4.028103713160626,6.6300927920351205,9.48224599569642,16.11233878773154
634328.6573146292,9.314334014102142,4.027232122427588,6.659745075347963,9.44446589377727,16.104210969125234
635490.9819639279,9.319015233599512,4.026362301619904,6.689369574453581,9.40675176883795,16.09612134329153
636653.3066132264,9.323679116700616,4.025494244330082,6.718966358365785,9.369103396342881,16.088069754708666
637815.631262525,9.328325693973834,4.024627944186024,6.748535495816953,9.33152055292297,16.080056048739923
638977.9559118235,9.33295499596261,4.023763394850786,6.778077055259513,9.29400301636724,16.072080071626754
640140.2805611222,9.337567053184944,4.022900590022295,6.80759110486746,9.256550565615816,16.064141670483277
641302.6052104208,9.342161896134124,4.022039523433152,6.837077712537819,9.219162980750898,16.056240693288718
642464.9298597194,9.346739555278335,4.0211801888502885,6.866536945892544,9.181840042989242,16.048376988881785
643627.254509018,9.35130006106087,4.020322580074817,6.8959688722798225,9.144581534674295,16.040550406954118
644789.5791583166,9.355843443899982,4.019466690941705,6.925373558775829,9.107387239268537,16.032760798044364
645951.9038076152,9.360369734189494,4.0186125153195755,6.954751072185821,9.070256941345216,16.025008013531036
647114.2284569137,9.364878962298157,4.017760047110435,6.984101479046203,9.033190426581351,16.017291905627552
648276.5531062124,9.369371158570159,4.016909280249461,7.013424845625798,8.996187481749564,16.00961232737536
649438.877755511,9.373846353325032,4.016060208704725,7.042721237927146,8.95924789471102,16.001969132638166
650601.2024048095,9.378304576857586,4.015212826477008,7.07199072168834,8.922371454407772,15.99436217609611
651763.5270541082,9.382745859438462,4.014367127599527,7.101233362384184,8.885557950854817,15.986791313239001
652925.8517034068,9.387170231313176,4.013523106137697,7.1304492252281,8.84880717513404,15.97925640036214
654088.1763527053,9.39157772270332,4.012680756188941,7.159638375172966,8.81211891938555,15.971757294558516
655250.5010020039,9.395968363805707,4.011840071882413,7.188800876913228,8.775492976801342,15.964293853714569
656412.8256513026,9.400342184792969,4.011001047378819,7.21793679488572,8.738929141617799,15.956865936503519
657575.1503006011,9.404699215813071,4.010163676870161,7.24704619327167,8.702427209108903,15.949473402380573
658737.4749498997,9.409039486990181,4.009327954579502,7.276129135997578,8.665986975578322,15.9421161115759
659899.7995991984,9.413363028423749,4.008493874760804,7.305185686736938,8.629608238353745,15.934793925090684
661062.124248497,9.417669870188881,4.007661431698658,7.334215908911778,8.593290795779241,15.92750670469102
662224.4488977955,9.42196004233672,4.0068306197080625,7.363219865693421,8.557034447208423,15.920254312901843
663386.7735470941,9.42623357489428,4.0060014331342595,7.392197620004633,8.520838992997218,15.91303661300185
664549.0981963928,9.430490497864124,4.005173866352471,7.4211492345204,8.484704234498306,15.905853469018705
665711.4228456913,9.43473084122456,4.004347913767721,7.45007477166978,8.448629974053636,15.898704745723418
666873.74749499,9.438954634930257,4.003523569814622,7.478974293636697,8.412616014987382,15.891590308624078
668036.0721442886,9.443161908911204,4.002700828957124,7.507847862361684,8.376662161600724,15.884510023962408
669198.3967935871,9.447352693073626,4.0018796856883805,7.536695539543057,8.340768219163998,15.877463758707055
670360.7214428857,9.45152701729961,4.001060134530496,7.565517386638433,8.3049339939107,15.870451380549133
671523.0460921843,9.455684911497231,4.00024217003183,7.594313464781502,8.269159293031525,15.863472757813026
672685.3707414829,9.459826405399836,3.9994257867768748,7.623083835120826,8.23344392466738,15.856527759788207
673847.6953907815,9.46395152886778,3.998610979370884,7.651828558314459,8.197787697903333,15.849616256217793
675010.0200400802,9.46806031168695,3.997797742449833,7.680547694869359,8.162190422762476,15.842738117631836
676172.3446893787,9.472152783619102,3.996986070677654,7.709241305058293,8.126651910199612,15.835893215257904
677334.6693386773,9.476228974402064,3.996175958746083,7.737909448920797,8.091171972095074,15.829081421015871
678496.9939879759,9.480288913749815,3.995367401374429,7.766552186264423,8.055750421248547,15.82230260751297
679659.3186372744,9.484332631351942,3.994560393309414,7.795169576666162,8.020387071373742,15.815556648039905
680821.6432865731,9.48836015687453,3.9937549293249623,7.823761679473631,7.985081737090993,15.808843416564624
681983.9679358717,9.492371519959097,3.9929510042220104,7.852328553806402,7.9498342339229975,15.802162787729399
683146.2925851704,9.496366750223572,3.992148612828373,7.880870258556879,7.914644378287633,15.795514636844512
684308.6172344689,9.500345877262196,3.9913477499984675,7.909386852391708,7.879511987492099,15.788898839883807
685470.9418837675,9.504308930644386,3.9905484106132443,7.937878393753375,7.844436879728596,15.78231527348197
686633.266533066,9.508255939916246,3.9897505895799243,7.966344940860567,7.809418874066913,15.77576381492748
687795.5911823646,9.512186934599534,3.988954281831814,7.994786551710227,7.774457790449566,15.769244342159794
688957.9158316633,9.516101944192158,3.9881594823282027,8.023203284078042,7.739553449685998,15.76275673376404
690120.2404809619,9.52000099816819,3.987366186054125,8.05159519552023,7.704705673446334,15.756300868966564
691282.5651302605,9.523884125977272,3.9865743880202045,8.079962343374195,7.669914284257296,15.74987662763149
692444.8897795591,9.527751357045394,3.9857840832624887,8.108304784759714,7.635179105495351,15.743483890255064
693607.2144288577,9.531602720774456,3.984995266842257,8.13662257658058,7.60049996138146,15.73712253796204
694769.5390781562,9.535438246541938,3.984207933845874,8.164915775525307,7.5658766769766075,15.730792452501914
695931.8637274548,9.539257963701873,3.9834220793846,8.193184438068295,7.531309078174755,15.72449351624305
697094.1883767535,9.5430619015839,3.982637698594464,8.221428620470972,7.496796991699048,15.71822561217002
698256.513026052,9.54685008949356,3.9818547866360254,8.249648378783263,7.462340245095629,15.711988623878892
699418.8376753507,9.550622556712579,3.981073338694279,8.277843768844129,7.4279386667284815,15.70578243557261
700581.1623246493,9.554379332498117,3.9802933499784867,8.306014846282956,7.393592085775136,15.699606932058092
701743.4869739478,9.55812044608375,3.97951481572195,8.3341616665209,7.359300332219606,15.693461998740506
702905.8116232464,9.561845926678366,3.978737731181914,8.362284284771496,7.325063236849532,15.687347521621028
704068.136272545,9.565555803467367,3.9779620916394074,8.390382756041927,7.290880631248888,15.681263387290816
705230.4609218437,9.569250105611427,3.977187892399058,8.418457135134338,7.256752347794708,15.675209482929045
706392.7855711422,9.572928862247226,3.976415128788943,8.446507476646627,7.222678219651113,15.669185696297738
707555.1102204409,9.576592102487172,3.9756437961604276,8.47453383497353,7.188658080764736,15.663191915738265
708717.4348697395,9.580239855419814,3.974873889888038,8.502536264307649,7.154691765859127,15.657228030166776
709879.759519038,9.583872150108817,3.9741054053692966,8.5305148186408,7.1207791104311635,15.651293929071963
711042.0841683366,9.587489015594063,3.9733383380245395,8.558469551764627,7.086919950744822,15.645389502509449
712204.4088176352,9.59109048089102,3.972572683296833,8.58640051727188,7.053114123827081,15.63951464109896
713366.7334669338,9.594676574990693,3.9718084366517292,8.61430776855741,7.019361467463243,15.633669236020653
714529.0581162324,9.59824732685988,3.97104559357724,8.642191358819217,6.9856618201916785,15.627853179010895
715691.3827655311,9.60180276544093,3.9702841495835908,8.670051341059393,6.9520150212995695,15.622066362358963
716853.7074148296,9.605342919652012,3.9695241002031003,8.697887768085025,6.918420910817851,15.616308678902875
718016.0320641282,9.608867818386585,3.9687654409900683,8.725700692509315,6.88487932951729,15.610580022026605
719178.3567134268,9.61237749051351,3.968008167520613,8.753490166752858,6.8513901189033755,15.604880285656233
720340.6813627253,9.6158719648779,3.967252275392506,8.781256243044131,6.8179531212108175,15.59920936425495
721503.006012024,9.619351270299546,3.9664977602250757,8.808998973420495,6.784568179401549,15.593567152822043
722665.3306613227,9.622815435574129,3.9657446176590323,8.836718409729716,6.751235137157626,15.587953546887341
723827.6553106213,9.626264489472595,3.9649928433563635,8.864414603630504,6.717953838878208,15.582368442508713
724989.9799599198,9.629698460741299,3.964242433000155,8.892087606593197,6.68472412967512,15.576811736268317
726152.3046092184,9.633117378102213,3.9634933822944816,8.919737469901602,6.65154585536719,15.57128332526879
727314.629258517,9.636521270252294,3.9627456869642623,8.947364244652846,6.618418862477975,15.565783107130821
728476.9539078155,9.639910165863979,3.9619993427551874,8.974967981759171,6.585342998229742,15.560310979988913
729639.2785571142,9.643284093585029,3.961254345433453,9.002548731948645,6.552318110539592,15.554866842488238
730801.6032064129,9.646643082037974,3.960510690785744,9.03010654576578,6.519344048016388,15.549450593782167
731963.9278557114,9.649987159821338,3.9597683746190495,9.057641473572728,6.486420659954208,15.544062133526936
733126.25250501,9.653316355508057,3.959027392760591,9.085153565550353,6.453547796330524,15.538701361880877
734288.5771543086,9.656630697646712,3.958287741057609,9.112642871698768,6.42072530780037,15.533368179499139
735450.9018036071,9.659930214760612,3.957549415377313,9.140109441838465,6.387953045693412,15.528062487531876
736613.2264529057,9.663214935348481,3.956812411606684,9.167553325611136,6.355230862008779,15.522784187619916
737775.5511022044,9.66648488788356,3.9560767256524487,9.194974572480717,6.322558609412245,15.517533181892961
738937.875751503,9.669740100814533,3.9553423534408245,9.22237323173406,6.289936141230855,15.512309372964916
740100.2004008016,9.672980602564822,3.9546092909174946,9.24974935248182,6.257363311450022,15.507112663931842
741262.5250501002,9.676206421532743,3.953877534047436,9.277102983659622,6.224839974708924,15.501942958368545
742424.8496993987,9.67941758609146,3.9531470788149075,9.304434174028668,6.192365986296872,15.49680016032554
743587.1743486973,9.682614124589008,3.952417921223115,9.331742972176574,6.159941202149328,15.491684174325902
744749.4989979959,9.685796065348347,3.951690057294284,9.359029426518495,6.127565478843605,15.4865949053621
745911.8236472945,9.688963436666606,3.950963483069466,9.38629358529764,6.09523867359651,15.48153225889415
747074.1482965932,9.69211626681642,3.9502381946084255,9.41353549658651,6.062960644257936,15.476496140844446
748236.4729458918,9.695254584044548,3.949514187989509,9.440755208287099,6.030731249309853,15.471486457596953
749398.7975951903,9.698378416572496,3.948791459309581,9.467952768132754,5.998550347860476,15.46650311599323
750561.1222444889,9.70148779259623,3.948070004683832,9.495128223687905,5.966417799642015,15.46154602332992
751723.4468937875,9.704582740286478,3.9473498202457407,9.522281622349757,5.9343334650055635,15.45661508735532
752885.7715430862,9.707663287788407,3.9466309021469135,9.549413011348507,5.90229720491847,15.451710216266978
754048.0961923847,9.710729463221355,3.945913246556974,9.576522437748379,5.870308880960841,15.446831318709219
755210.4208416834,9.713781294679483,3.9451968496634855,9.60360994844881,5.838368355320424,15.441978303769233
756372.745490982,9.716818810230963,3.944481707671787,9.630675590184502,5.806475490790999,15.4371510809755
757535.0701402805,9.719842037918356,3.9437678168049386,9.657719409526985,5.774630150767377,15.432349560294362
758697.3947895791,9.722851005758715,3.9430551733035872,9.684741452884792,5.742832199242244,15.427573652127036
759859.7194388777,9.725845741742964,3.94234377342583,9.711741766504726,5.711081500803088,15.422823267307814
761022.0440881763,9.728826273836502,3.941633613447186,9.738720396472235,5.679377920628092,15.418098317100327
762184.3687374749,9.731792629978784,3.9409246896603833,9.765677388712557,5.647721324482897,15.413398713195456
763346.6933867736,9.73474483808323,3.940216998375349,9.792612788991384,5.616111578717361,15.408724367708746
764509.0180360721,9.737682926037365,3.939510535919043,9.819526642915653,5.584548550261818,15.404075193177471
765671.3426853707,9.740606921702948,3.9388052986354065,9.846418995933718,5.553032106624021,15.399451102557737
766833.6673346693,9.743516852915212,3.9381012828851962,9.87328989333758,5.521562115885428,15.394852009223008
767995.9919839678,9.746412747483854,3.9373984850459136,9.900139380261916,5.490138446697977,15.390277826959892
769158.3166332665,9.749294633191873,3.936696901511713,9.926967501685942,5.458760968281398,15.38572846996734
770320.6412825651,9.752162537796446,3.935996528693315,9.953774302433997,5.427429550418656,15.381203852852654
771482.9659318638,9.755016489028458,3.9352973630178627,9.980559827175725,5.396144063453896,15.37670389062962
772645.2905811623,9.75785651459247,3.9345994009287977,10.00732412042786,5.364904378288144,15.372228498716005
773807.6152304609,9.760682642166676,3.9339026388859066,10.034067226553622,5.333710366377418,15.367777592931041
774969.9398797594,9.763494899402982,3.9332070733650286,10.060789189764629,5.3025618997281505,15.36335108949278
776132.264529058,9.766293313926631,3.932512700858097,10.087490054121208,5.271458850894943,15.35894890501615
777294.5891783567,9.769077913337021,3.931819517872985,10.114169863532624,5.240401092976564,15.354570956509187
778456.9138276553,9.771848725205997,3.9311275209334444,10.140828661758816,5.209388499614394,15.350217161373209
779619.2384769539,9.77460577708006,3.930436706578947,10.167466492409957,5.178420944986937,15.345887437396893
780781.5631262525,9.777349096477876,3.9297470713646803,10.194083398948258,5.147498303809493,15.34158170275775
781943.8877755511,9.78007871089246,3.9290586118613695,10.220679424687663,5.116620451328579,15.337299876016242
783106.2124248496,9.78279464778957,3.928371324655251,10.247254612795526,5.085787263320376,15.333041876115903
784268.5370741482,9.785496934608176,3.9276852063479204,10.273809006292339,5.054998616087872,15.32880762238021
785430.8617234469,9.788185598760641,3.9270002535562907,10.300342648053372,5.024254386456546,15.324597034509917
786593.1863727454,9.790860667632652,3.926316462912483,10.32685558080853,4.993554451772267,15.320410032580797
787755.5110220441,9.793522168582522,3.9256338310637187,10.353347847143619,4.962898689898779,15.316246537042398
788917.8356713427,9.796170128941716,3.9249523546722873,10.379819489500585,4.932286979214302,15.312106468714887
790080.1603206412,9.798804576015206,3.924272030415367,10.406270550178673,4.90171919860752,15.307989748786193
791242.4849699398,9.801425537080197,3.923592854985004,10.432701071334682,4.871195227477006,15.303896298811688
792404.8096192384,9.804033039387091,3.922914825088012,10.459111094983786,4.8407149457266385,15.299826040710425
793567.134268537,9.806627110159278,3.9222379374458973,10.48550066300022,4.810278233762963,15.295778896763183
794729.4589178356,9.809207776592851,3.9215621887947365,10.511869817117871,4.779884972492802,15.291754789610673
795891.7835671343,9.811775065856546,3.9208875758850814,10.538218598931111,4.749535043320303,15.287753642251413
797054.1082164329,9.81432900509191,3.920214095481981,10.564547049895145,4.7192283281440845,15.28377537803923
798216.4328657314,9.816869621413023,3.919541744364746,10.590855211326936,4.6889647093545905,15.279819920681526
799378.75751503,9.819396941906618,3.9188705193269793,10.617143124405722,4.65874406983115,15.275887194236873
800541.0821643285,9.821910993632104,3.9182004171764473,10.643410830173547,4.628566292939293,15.27197712311284
801703.4068136272,9.824411803621315,3.9175314347349715,10.66965836953627,4.5984312625279555,15.268089632064225
802865.7314629258,9.826899398878679,3.916863568838426,10.69588578326367,4.5683388629269785,15.264224646190648
804028.0561122245,9.829373806380394,3.916196816336577,10.722093111990707,4.538288978945011,15.260382090935718
805190.380761523,9.831835053075931,3.91553117409301,10.748280396217337,4.508281495865245,15.256561892082583
806352.7054108216,9.834283165886365,3.9148666389851545,10.774447676309851,4.478316299444602,15.252763975754453
807515.0300601202,9.836718171705346,3.9142032079040288,10.800594992501248,4.448393275909738,15.248988268410987
808677.3547094187,9.839140097398666,3.9135408777543073,10.826722384891982,4.418512311954948,15.245234696846929
809839.6793587174,9.841548969804379,3.9128796454541623,10.85282989344992,4.388673294739934,15.241503188189853
811002.004008016,9.843944815732373,3.9122195079352546,10.878917558011938,4.358876111886874,15.237793669898814
812164.3286573146,9.846327661964995,3.911560462142567,10.904985418283708,4.329120651477641,15.23410606976135
813326.6533066132,9.848697535256187,3.9109025050344,10.931033513840918,4.299406802051894,15.23044031589281
814488.9779559118,9.851054462331891,3.9102456335822713,10.957061884129306,4.269734452604453,15.22679633673376
815651.3026052103,9.853398469890395,3.909589844770845,10.983070568465623,4.2401034925818175,15.223174061047441
816813.6272545089,9.855729584601416,3.9089351355978286,11.009059606038202,4.210513811881045,15.219573417919246
817975.9519038076,9.858047833106742,3.9082815030739457,11.035029035907217,4.180965300846556,15.215994336753774
819138.2765531063,9.860353242019599,3.907628944222821,11.06097889700582,4.151457850268052,15.212436747273872
820300.6012024048,9.862645837925204,3.906977456080935,11.08690922814022,4.121991351377637,15.208900579517856
821462.9258517034,9.864925647380579,3.90632703569754,11.112820067990382,4.0925656958475125,15.205385763837896
822625.250501002,9.86719269691403,3.9056776801345703,11.138711455110691,4.063180775788232,15.201892230898924
823787.5751503005,9.869447013025505,3.9050293864665933,11.164583427930747,4.03383648374545,15.198419911676197
824949.8997995991,9.871688622186628,3.904382151780758,11.19043602475542,4.004532712697955,15.194968737453376
826112.2244488978,9.87391755084041,3.9037359731766705,11.216269283765548,3.975269356055569,15.191538639821118
827274.5490981964,9.876133825401189,3.903090847766347,11.242083243018925,3.9460463076564083,15.188129550675333
828436.873747495,9.8783374722548,3.9024467726741667,11.267877940450369,3.916863461764697,15.184741402215066
829599.1983967936,9.880528517758659,3.9018037450367755,11.293653413872315,3.887720713068278,15.181374126940593
830761.5230460921,9.882706988240672,3.901161762003034,11.319409700975777,3.8586179566774765,15.178027657653253
831923.8476953907,9.884872910001057,3.9005208207339135,11.345146839330543,3.8295550881203324,15.174701927450876
833086.1723446893,9.887026309310114,3.8998809184024914,11.37086486638565,3.8005320033437813,15.171396869729431
834248.4969939879,9.889167212410282,3.8992420521938196,11.396563819469991,3.7715485987080997,15.16811241817809
835410.8216432866,9.89129564551454,3.898604219304904,11.42224373579334,3.742604770986588,15.16484850677993
836573.1462925852,9.893411634806627,3.8979674169445837,11.447904652446105,3.7137004173637527,15.161605069809859
837735.4709418837,9.895515206442196,3.8973316423335502,11.473546606400117,3.684835435430989,15.158382041831105
838897.7955911823,9.897606386547041,3.8966968927042065,11.499169634509709,3.6560097231865125,15.155179357696221
840060.1202404809,9.899685201218215,3.8960631653006006,11.524773773511313,3.627223179032349,15.151996952543662
841222.4448897794,9.901751676523615,3.8954304573784424,11.550359060024826,3.5984757017719056,15.148834761796731
842384.7695390781,9.903805838501484,3.894798766204953,11.575925530553597,3.5697671906090447,15.145692721162643
843547.0941883768,9.905847713161767,3.894168089058831,11.601473221484987,3.5410975451438014,15.142570766628788
844709.4188376754,9.907877326484309,3.893538423230186,11.62700216909127,3.5124666653725596,15.13946883446383
845871.7434869739,9.909894704419873,3.892909766020504,11.65251240952968,3.4838744516848092,15.136386861214488
847034.0681362725,9.911899872890107,3.892282114742534,11.678003978843138,3.4553208048608246,15.133324783703962
848196.392785571,9.91389285778683,3.891655466720266,11.703476912960792,3.426805626070589,15.13028253903138
849358.7174348697,9.915873684972697,3.891029819288858,11.728931247698352,3.398328816870836,15.127260064569189
850521.0420841683,9.917842380280666,3.8904051697945783,11.754367018758847,3.3698902792034864,15.124257297962334
851683.366733467,9.919798969514174,3.8897815155947115,11.779784261732885,3.3414899153935393,15.121274177126425
852845.6913827655,9.92174347844712,3.889158854057549,11.805183012099219,3.3131276281469377,15.118310640246158
854008.0160320641,9.923675932823889,3.888537182562304,11.83056330522499,3.2848033205487197,15.11536662577371
855170.3406813627,9.925596358358854,3.8879164984990635,11.855925176366954,3.256516896060996,15.11244207242795
856332.6653306612,9.927504780736951,3.8872967992686878,11.881268660671159,3.2282682585208344,15.109536919191994
857494.9899799599,9.929401225613136,3.8866780822828058,11.90659379317383,3.2000573121386737,15.106651105312503
858657.3146292585,9.931285718612704,3.8860603449637328,11.931900608801776,3.1718839614958774,15.103784570297654
859819.6392785572,9.93315828533095,3.8854435847444138,11.957189142372682,3.1437481115434665,15.100937253916149
860981.9639278557,9.935018951333237,3.8848277990683773,11.982459428596075,3.1156496675995213,15.098109096195596
862144.2885771543,9.936867742155327,3.8842129853896314,12.007711502073136,3.087588535347379,15.095300037420515
863306.6132264528,9.938704683302348,3.8835991411726782,12.032945397297837,3.0595646208345526,15.09251001813239
864468.9378757514,9.940529800249983,3.8829862638924095,12.058161148656637,3.0315778304697876,15.089738979126425
865631.2625250501,9.942343118443716,3.882374351034049,12.083358790429909,3.00362807102128,15.086986861451189
866793.5871743486,9.944144663298523,3.8817634000931474,12.10853835679146,2.9757152496161754,15.084253606407636
867955.9118236473,9.94593446019945,3.8811534085754333,12.133699881809665,2.947839273737112,15.081539155546778
869118.2364729459,9.947712534501692,3.880544373996876,12.158843399447422,2.9200000512206965,15.078843450668119
870280.5611222445,9.949478911529797,3.8799362938835316,12.183968943563023,2.892197490256427,15.07616643381945
871442.885771543,9.95123361657796,3.8793291657715407,12.209076547910266,2.8644314993846924,15.073508047294958
872605.2104208416,9.952976674910337,3.87872298720705,12.234166246139326,2.8367019874940347,15.07086823363336
873767.5350701403,9.954708111760455,3.878117755746195,12.259238071796661,2.8090088638207233,15.068246935617385
874929.8597194388,9.956427952331548,3.877513468955004,12.284292058325892,2.7813520379459757,15.065644096271868
876092.1843687375,9.958136221796437,3.876910124409346,12.309328239067973,2.7537314197945917,15.063059658862565
877254.5090180361,9.959832945297387,3.876307719694943,12.334346647261842,2.726146919633139,15.060493566894982
878416.8336673346,9.961518147946045,3.875706252407232,12.359347316044664,2.698598448068443,15.057945764113107
879579.1583166332,9.963191854823632,3.8751057201513524,12.384330278452365,2.671085916045405,15.05541619449777
880741.4829659318,9.964854090980674,3.874506120542123,12.409295567420086,2.643609234845614,15.0529048022657
881903.8076152304,9.966504881437077,3.8739074512039355,12.434243215782699,2.616168316085372,15.050411531868072
883066.132264529,9.968144251181922,3.873309709770759,12.459173256274687,2.588763071714799,15.047936327989486
884228.4569138277,9.969772225173854,3.8727128938860056,12.484085721531496,2.561393414014582,15.045479135546078
885390.7815631262,9.971388828340405,3.8721170012025987,12.508980644089124,2.5340592555960773,15.043039899685201
886553.1062124248,9.972994085578653,3.8715220293828363,12.533858056384956,2.50676050939821,15.040618565783166
887715.4308617234,9.974588021754435,3.8709279760983555,12.558717990758181,2.479497088686918,15.038215079445099
888877.7555110219,9.976170661702838,3.870334839030097,12.58356047944996,2.4522689070529804,15.03582938650294
890040.0801603206,9.977742030228121,3.8697426158682764,12.608385554604228,2.425075878410045,15.033461433014272
891202.4048096192,9.979302152103841,3.86915130431228,12.633193248267496,2.3979179169933875,15.031111165260883
892364.7294589179,9.980851052071717,3.868560902070678,12.65798359238999,2.3707949373591988,15.028778529749188
893527.0541082164,9.982388754843388,3.8679714068611237,12.682756618825518,2.343706854380834,15.026463473206352
894689.378757515,9.983915285098767,3.8673828164103647,12.707512359332066,2.3166535832494577,15.024165942581524
895851.7034068136,9.985430667486947,3.8667951284541155,12.732250845572466,2.2896350394707667,15.021885885043233
897014.0280561121,9.98693492662604,3.8662083407370913,12.756972109113972,2.2626511388644355,15.019623247978409
898176.3527054108,9.988428087102383,3.8656224510129125,12.781676181429674,2.235701797562675,15.01737797899235
899338.6773547094,9.989910173471626,3.8650374570440986,12.806363093898272,2.208786932007618,15.01515002590589
900501.002004008,9.991381210258085,3.864453356601942,12.83103287780457,2.181906458950591,15.012939336755162
901663.3266533066,9.992841221954485,3.863870147466578,12.855685564340012,2.1550602954507765,15.010745859790788
902825.6513026052,9.994290233022664,3.863287827426837,12.880321184603053,2.1282483588725856,15.00856954347564
903987.9759519037,9.995728267892705,3.862706394280268,12.904939769599062,2.1014705668858995,15.006410336484961
905150.3006012023,9.997155350963661,3.862125845833046,12.929541350241646,2.0747268374624674,15.004268187704113
906312.625250501,9.998571506602886,3.861546179899964,12.954125957352105,2.0480170888763047,15.00214304622841
907474.9498997995,9.999976759146444,3.860967394304337,12.978693621660458,2.0213412397008965,15.000034861361355
908637.2745490982,10.001371132898766,3.860389486878078,13.003244373805389,1.9946992088086137,14.997943582614003
909799.5991983968,10.002754652132746,3.8598124554614825,13.027778244335037,1.968090915368647,14.995869159703684
910961.9238476953,10.00412734108982,3.8592362979033115,13.052295263706748,1.941516278845993,14.993811542552741
912124.2484969939,10.005489223979907,3.858661012060706,13.07679546228837,1.9149752189991305,14.9917706812875
913286.5731462925,10.00684032498127,3.8580865957991652,13.101278870357579,1.8884676558797877,14.989746526237367
914448.8977955912,10.008180668240193,3.857513046992447,13.125745518102995,1.8619935098311924,14.987739027934188
915611.2224448897,10.009510277871545,3.856940363522627,13.150195435624434,1.8355527014858752,14.98574813711031
916773.5470941884,10.010829177958685,3.8563685432799133,13.174628652932904,1.809145151764721,14.983773804697625
917935.871743487,10.012137392552741,3.855797584162767,13.199045199951524,1.7827707818760383,14.981815981827562
919098.1963927855,10.013434945673621,3.8552274840777456,13.223445106515193,1.7564295133133017,14.979874619828495
920260.5210420841,10.014721861308923,3.854658240939489,13.24782840237145,1.7301212678548414,14.977949670226291
921422.8456913827,10.015998163414357,3.8540898526707204,13.272195117181157,1.7038459675614597,14.976041084742617
922585.1703406813,10.017263875914429,3.853522317202121,13.296545280517808,1.6776035347750522,14.97414881529286
923747.49498998,10.01851902270096,3.8529556324723924,13.320878921868694,1.6513938921185858,14.97227281398728
924909.8196392786,10.019763627634259,3.8523897964281284,13.345196070635312,1.625216962492907,14.970413033128219
926072.1442885771,10.02099771454273,3.8518248070238323,13.369496756132984,1.5990726690766572,14.96856942520964
927234.4689378757,10.022221307222443,3.8512606622218466,13.393781007591944,1.572960935324798,14.966741942916741
928396.7935871743,10.023434429437955,3.850697359992341,13.418048854157494,1.5468816849662057,14.9649305391237
929559.1182364728,10.024637104921295,3.850134898313229,13.442300324890017,1.5208348420041542,14.96313516689417
930721.4428857715,10.025829357372498,3.8495732751701617,13.466535448765814,1.49482033071366,14.961355779479474
931883.7675350702,10.027011210459706,3.849012488556505,13.490754254676949,1.4688380756404915,14.95959233031744
933046.0921843688,10.028182687818811,3.848452536473264,13.51495677143206,1.442888001599881,14.95784477303194
934208.4168336673,10.029343813053503,3.847893416929072,13.539143027756355,1.416970033675475,14.956113061431829
935370.7414829659,10.030494609735625,3.8473351279401062,13.56331305229204,1.3910840972173784,14.954397149509418
936533.0661322644,10.031635101404015,3.8467776675301297,13.587466873598938,1.3652301178422863,14.952696991441224
937695.390781563,10.032765311566303,3.8462210337303646,13.611604520153984,1.3394080214303465,14.95101254158433
938857.7154308618,10.03388526369686,3.8456652245795695,13.635726020352706,1.3136177341257431,14.949343754478448
940020.0400801604,10.03499498123862,3.8451102381238442,13.659831402508768,1.287859182333505,14.947690584842274
941182.3647294589,10.036094487601579,3.844556072416748,13.683920694854555,1.26213229272019,14.946052987574745
942344.6893787575,10.037183806163894,3.8440027255191507,13.707993925541308,1.2364369922111516,14.94443091775246
943507.0140280561,10.03826296027079,3.8434501954992863,13.732051122639763,1.2107732079906064,14.94282433063037
944669.3386773546,10.039331973235587,3.84289848043265,13.75609231414021,1.1851408674991,14.94123318163931
945831.6633266532,10.040390868338955,3.842347578401966,13.780117527952916,1.159539898433259,14.939657426386175
946993.987975952,10.04143966882921,3.8417974874972125,13.80412679190842,1.1339702287441353,14.938097020652556
948156.3126252505,10.042478397922128,3.8412482058154973,13.828120133757814,1.108431786636282,14.936551920394097
949318.6372745491,10.043507078801117,3.840699731461118,13.85209758117329,1.0829245005660453,14.935022081739335
950480.9619238477,10.044525734617183,3.8401520625454406,13.876059161748087,1.0574482992407412,14.933507460988828
951643.2865731462,10.045534388488354,3.83960519718692,13.90000490299702,1.0320031116181096,14.93200801461513
952805.6112224448,10.046533063500414,3.839059133511058,13.923934832356812,1.0065888669039744,14.930523699260787
953967.9358717434,10.047521782706568,3.8385138696503383,13.94784897718633,0.981205494551626,14.929054471737956
955130.2605210422,10.04850056912752,3.837969403744224,13.971747364766797,0.9558529242606054,14.927600289027403
956292.5851703407,10.049469445751198,3.8374257339391216,13.995630022302455,0.9305310859755843,14.92616110827804
957454.9098196393,10.05042843553265,3.836882858388318,14.01949697692045,0.9052399098857439,14.924736886806194
958617.2344689379,10.051377561394919,3.8363407752519896,14.04334825567127,0.87997932642218,14.923327582093451
959779.5591182364,10.052316846227884,3.835799482697132,14.067183885529065,0.8547492662584532,14.921933151787519
960941.883767535,10.053246312888747,3.8352589788975497,14.09100389339224,0.829549660308393,14.920553553700634
962104.2084168335,10.054165984201887,3.834719262033821,14.114808306083217,0.8043804397257347,14.919188745808952
963266.5330661323,10.055075882959516,3.8341803302932416,14.138597150349002,0.7792415359017114,14.917838686250713
964428.8577154309,10.05597603192038,3.833642181869829,14.162370452861511,0.7541328804658103,14.916503333327322
965591.1823647295,10.05686645381077,3.833104814964281,14.18612824021798,0.7290544052830601,14.91518264550104
966753.507014028,10.05774717132432,3.8325682277838813,14.209870538940942,0.7040060424535053,14.913876581394447
967915.8316633266,10.058618207121556,3.832032418542596,14.233597375478736,0.6789877243115311,14.912585099790267
969078.1563126252,10.059479583830289,3.8314973854608967,14.257308776205479,0.6539993834245222,14.911308159630002
970240.4809619237,10.060331324045467,3.8309631267658477,14.281004767422152,0.6290409525911608,14.910045720013313
971402.8056112225,10.061173450329248,3.8304296406910168,14.304685375355916,0.6041123648412084,14.908797740197125
972565.1302605211,10.062005985210803,3.8298969254764432,14.328350626160836,0.5792135534342581,14.907564179595093
973727.4549098196,10.062828951186518,3.829364979368593,14.352000545918344,0.5543444518581865,14.90634499777653
974889.7795591182,10.063642370719624,3.8288338006204006,14.375635160637376,0.5295049938287749,14.905140154466151
976052.1042084168,10.064446266240566,3.8283033874911685,14.399254496254335,0.5046951132884103,14.903949609542744
977214.4288577153,10.065240660146735,3.8277737382465444,14.422858578633994,0.47991474440478527,14.90277332303878
978376.7535070139,10.06602557480304,3.8272448511585138,14.446447433569,0.45516382156979956,14.9016112551388
979539.0781563127,10.0668010325404,3.8267167245053657,14.470021086780871,0.4304422793999985,14.90046336618087
980701.4028056113,10.067567055657904,3.8261893565716614,14.49357956392006,0.4057500527325583,14.899329616652619
981863.7274549098,10.068323666420506,3.825662745648177,14.517122890565862,0.3810870766280173,14.898209967193878
983026.0521042084,10.069070887060976,3.825136890031921,14.54065109222716,0.3564532863659033,14.897104378593063
984188.376753507,10.069808739778841,3.8246117880260906,14.564164194342487,0.33184861744547306,14.89601281178796
985350.7014028055,10.070537246740214,3.824087437939986,14.587662222280246,0.3072730055850128,14.894935227865258
986513.0260521041,10.071256430078293,3.8235638380890977,14.611145201339069,0.28272638671997,14.893871588059039
987675.3507014029,10.071966311893672,3.8230409867949415,14.634613156747982,0.2582086970016355,14.892821853749616
988837.6753507014,10.072666914252911,3.8225188823851384,14.658066113667104,0.2337198727977814,14.891785986464885
990000.0,10.07335825919038,3.8219975231933523,14.68150409718708,0.2092598506898073,14.890763947876888
